1001001
1001002
1001003
1020002
1020003
1021001
1021002
1041002
1044001
1050002
1050004
1201001
1201003
1201005
1210001
1211001
1300009
1310002
1410004
1502002
1502008
1610002
1610004
1730001
1730002
1730003
1730007
1730012
2101001
2103001
2103002
2103003
2103014
2104002
2104003
2104013
2105001
2105002
2105005
2105007
2110001
2110002
2110004
2110031
2112005
2112006
2112007
2113001
2120001
2510001
3022001
3041001
3041002
3041003
3041004
3041005
3050001
3404001
3414001
3421001
3430001
3430002
3430003
3431001
3434001
3434003
3450001
3453001
3802001
3804002
3806001
3814001
3814003
3815001
3815002
3820001
3820002
3820003
3825001
3826001
4301002
4302001
4306001
4308001
4311001
4313001
4314001
4314002
4320001
4323001
4335001
4400001
4501001
4501002
4502001
4502002
4503001
4506002
4511001
4511002
4512001
4513001
4514001
4515001
4515002
4516001
4520001
4522001
4522002
4523001
4523002
4530001
4531001
4531002
4532001
4533002
4534001
4535002
4537001
4540001
4540002
4550003
4556001
4557002
4558001
4703001
4703002
4704001
4704002
4711001
4712001
4714001
4716001
4716004
4721001
4723001
4726001
4730001
4810001
4810005
4810006
5100001
5101001
5101002
5110002
5120001
5200001
5221001
5221002
5320001
5401002
5401003
5402001
5402015
5403002
5403003
5405001
5406001
5406002
5410001
5410002
5410005
5411001
5411002
5414001
5415002
5420002
5421001
5421002
5422001
5423002
5423003
5423004
5423005
5423006
5427003
5701001
5701002
5702001
5703006
5704002
5705001
5706001
5707002
5710001
5715001
5716001
5720001
5721001
5721016
5722001
5722002
5730005
5730008
5734001
5737002
5741001
5746001
5748001
6000003
6002001
6003001
6006001
6008005
6011001
6013001
6015001
6018001
6019003
6025001
6027001
6028001
6033001
6033011
6034001
6034022
6034023
6035001
6043001
6132001
7102001
7102005
7103001
7104001
7104002
7112001
7115001
7116001
7123001
7200002
7300001
7303000
7306001
7308001
7308002
7317003
7317005
7320003
7321002
7322001
7330001
7331001
7332001
7335001
7335002
7336001
7339001
7340001
7341001
7343001
7350001
7350002
7350003
7351001
7354001
7354002
7355001
7355002
7355003
7357002
7358001
7359001
7372001
7374001
7379001
7379002
7381001
7383001
7400001
8104001
8105001
8106001
8106002
8112001
8114001
8115001
8117001
8117004
8117005
8117006
8117008
8118001
8123001
8124001
8124002
8130001
8130002
8132001
8133001
8134002
8134003
8135002
8140002
8141001
8144001
8210003
8220001
8220008
8220009
8220010
8304001
8307002
8308000
8312000
8312001
8313000
8313001
8316002
8317001
8317002
8317004
8317005
8319001
8323001
8323002
8324002
8330001
8332001
8334001
8342001
8343001
8350001
8351001
8356001
8358001
8362001
8366002
8372002
8376001
8380001
8380006
8381003
8383001
8385001
8386001
8393002
8394001
8430001
8530001
8700002
8700003
8720001
8820001
8821001
8821002
8821003
8821006
8822001
8822002
8910001
9101001
9101002
9102001
9104001
9104002
9106001
9107001
9107002
9111001
9113001
9116001
9122002
9123001
9126001
9127001
9129002
9131001
9134001
9135001
9140001
9400000
9402001
9404001
9405001
9412001
9414001
9416001
9420001
9423001
9433001
9434001
9436001
9437002
10100002
10100006
10102001
10111001
10121001
10122001
10122002
10122003
10133000
10134001
10137001
10140001
10142003
10304001
10305001
10306001
10311001
10313001
10322003
10327001
10328001
10340001
10343001
10343002
10344003
10344004
10351001
10356001
10362001
10363002
10364001
10401001
10405001
10405002
10405005
10411002
10411003
10414001
10431000
10431001
10432002
10432003
10440000
10503001
10514001
10520001
10523002
10683002
10701002
10702002
10704002
11020004
11040001
11130001
11141001
11143001
11143002
11147001
11147002
11151001
11302001
11307001
11308001
11310001
11310002
11310003
11312001
11314001
11315001
11316001
11317001
11335002
11337001
11342001
11405001
11500002
11504001
11505001
11514001
11520002
11521001
11530000
11532000
11536001
11536004
11542001
11545000
11701001
11710000
11711000
12280002
12284002
12284003
12284005
12284006
12284007
12285001
12285003
12286002
12287001
12288002
12288003
12288004
12289001
12289002
12289003
12291001
12400003
12400004
12448001
12452001
12561001
12563001
12582001
12585001
12585002
12586001
12600001
12622001
12660001
12802001
12805001
12806001
12820001
12825002
12861001
12863002
12865001
12872001
